=== Run information ===

Scheme:       weka.classifiers.bayes.NaiveBayes 
Relation:     full-weka.filters.unsupervised.attribute.NumericToNominal-Rlast-weka.filters.unsupervised.instance.Randomize-S42-weka.filters.unsupervised.attribute.RenameAttribute-find2305-replaceclass-Rlast-weka.filters.unsupervised.attribute.NumericToNominal-Rlast-weka.filters.MultiFilter-Fweka.filters.unsupervised.instance.Randomize -S 42-Fweka.filters.unsupervised.attribute.RenameAttribute -find 2305 -replace class -R last-Fweka.filters.unsupervised.attribute.NumericToNominal -R last-weka.filters.unsupervised.attribute.Remove-R1-982,984-998,1001-1036,1039-1044,1046,1049-1072,1075-1082,1087-1095,1097-1120,1124,1126-1131,1135-1143,1145-1168,1172,1176-1180,1182-1185,1187,1189-1191,1193-1216,1219-1221,1225-1233,1235-1271,1274-1281,1283-1318,1323-1328,1331-1363,1368,1371-1376,1379-1411,1416,1419-1420,1422-1423,1426-1469,1473,1475-1520,1522-1649,1652-1689,1692-1696,1701-1713,1716-1738,1741-1745,1748-1787,1790-1801,1805-1849,1853-1886,1888-1897,1901-1935,1937-1984,1986-2304
Instances:    12660
Attributes:   99
              982
              998
              999
              1036
              1037
              1044
              1046
              1047
              1072
              1073
              1082
              1083
              1084
              1085
              1095
              1120
              1121
              1122
              1124
              1131
              1132
              1133
              1143
              1168
              1169
              1170
              1172
              1173
              1174
              1180
              1185
              1187
              1191
              1216
              1217
              1221
              1222
              1223
              1233
              1271
              1272
              1281
              1318
              1319
              1320
              1321
              1328
              1329
              1363
              1364
              1365
              1366
              1368
              1369
              1376
              1377
              1411
              1412
              1413
              1414
              1416
              1417
              1420
              1423
              1424
              1469
              1470
              1471
              1473
              1520
              1649
              1650
              1689
              1690
              1696
              1697
              1698
              1699
              1713
              1714
              1738
              1739
              1745
              1746
              1787
              1788
              1801
              1802
              1803
              1849
              1850
              1851
              1886
              1897
              1898
              1899
              1935
              1984
              class
Test mode:    10-fold cross-validation

=== Classifier model (full training set) ===

Naive Bayes Classifier

                  Class
Attribute             0        1        2        3        4        5        6        7        8        9
                 (0.11)   (0.15)   (0.03)    (0.1)   (0.17)   (0.17)   (0.06)   (0.02)   (0.16)   (0.02)
=========================================================================================================
982
  mean           74.2894  62.1774  47.7714  128.653  93.3314 152.5611  95.3808 123.8333 101.5976  79.6133
  std. dev.      41.2449  41.6612   22.698  65.0904  58.9938  75.9595  51.2883  63.3318  68.8403  47.7114
  weight sum        1410     1860      420     1320     2100     2160      780      240     2070      300
  precision            1        1        1        1        1        1        1        1        1        1

998
  mean            38.834  40.3177  54.2738  81.4833  98.1567  97.8593 119.4795  96.4292  80.2594  79.0367
  std. dev.      30.3732  25.4963   30.073  65.8498  66.5898  66.6173  59.0023  47.5247  60.1393  53.4874
  weight sum        1410     1860      420     1320     2100     2160      780      240     2070      300
  precision            1        1        1        1        1        1        1        1        1        1

999
  mean           43.0631   42.171  47.8095  81.2447  92.0419  95.4458  91.5462    85.15  86.2473  80.1867
  std. dev.      40.4016  28.3099   28.328  65.8691  65.1913  70.1555  46.7499  40.3464  65.7158  53.9291
  weight sum        1410     1860      420     1320     2100     2160      780      240     2070      300
  precision            1        1        1        1        1        1        1        1        1        1

1036
  mean           60.5688  70.3306  32.2905  98.1871  92.9857 151.4097 109.4179  78.0667  75.3092 155.1767
  std. dev.      33.5639   45.236  13.0933  56.4521  57.4924  76.3948  50.8142  41.7992  56.5773  76.3381
  weight sum        1410     1860      420     1320     2100     2160      780      240     2070      300
  precision            1        1        1        1        1        1        1        1        1        1

1037
  mean           66.5397  74.8495  35.2381  74.0742  96.2048 150.7051 135.0821  78.8167  81.3314   148.73
  std. dev.      37.6167  48.6417  14.4278  44.2458  59.0816  76.5434  64.6084  43.4872  61.0189  73.7892
  weight sum        1410     1860      420     1320     2100     2160      780      240     2070      300
  precision            1        1        1        1        1        1        1        1        1        1

1044
  mean           49.3929  52.5237  60.1667  81.1136 121.5271  84.9546  99.4846 114.2292  73.5585  77.9767
  std. dev.      33.3517  37.0519  28.6118   63.823  71.4286  59.4216  46.1806  61.3106  54.4711  51.7756
  weight sum        1410     1860      420     1320     2100     2160      780      240     2070      300
  precision            1        1        1        1        1        1        1        1        1        1

1046
  mean           38.3525  40.1565  56.7238  80.6591 107.1386  96.5852 121.9231  101.225  78.5947  78.7067
  std. dev.      28.4315  24.9946  30.8058  64.6177  69.9481  68.9585  59.6924   49.685  58.8589   52.742
  weight sum        1410     1860      420     1320     2100     2160      780      240     2070      300
  precision            1        1        1        1        1        1        1        1        1        1

1047
  mean           40.7922  41.0016  50.1071  80.7174  97.8314  93.0685   93.641  89.0917     84.3  80.0833
  std. dev.      36.0602  26.8901  29.2208  65.1508  66.6044  70.1926  47.1849  41.8969  64.1047  54.0087
  weight sum        1410     1860      420     1320     2100     2160      780      240     2070      300
  precision            1        1        1        1        1        1        1        1        1        1

1072
  mean           64.7489  65.1543  54.1905  65.4765 111.1538  88.6241  78.8218 132.5083  76.6628 120.6933
  std. dev.      39.0938  43.6009  24.2322  42.6068  67.2372  63.6721  43.5567  66.1644  59.3074  80.9475
  weight sum        1410     1860      420     1320     2100     2160      780      240     2070      300
  precision            1        1        1        1        1        1        1        1        1        1

1073
  mean           58.5355  66.5043  56.0357  66.9364 104.7438 112.3023  69.2962 132.5875  82.1918   123.16
  std. dev.      37.3289  44.4332  25.5814  44.7758  64.4513  69.2021  37.8314  66.2114  63.7433  76.0623
  weight sum        1410     1860      420     1320     2100     2160      780      240     2070      300
  precision            1        1        1        1        1        1        1        1        1        1

1082
  mean           49.8475   61.178  30.7048 117.2583  89.6438 151.6657 113.7282  79.4042  83.3961 153.8733
  std. dev.       31.371  40.2353   13.481  64.5482  55.4636  76.1109  49.1367  41.7718  61.9417  76.0555
  weight sum        1410     1860      420     1320     2100     2160      780      240     2070      300
  precision            1        1        1        1        1        1        1        1        1        1

1083
  mean           51.7227  63.6118  29.8738 124.6333  89.7514 151.3616  85.7615  77.6042  77.5667   156.32
  std. dev.      29.4054  40.3945   12.088  65.0935  55.2784  76.2748  39.5706  42.2158  58.0382  75.6675
  weight sum        1410     1860      420     1320     2100     2160      780      240     2070      300
  precision            1        1        1        1        1        1        1        1        1        1

1084
  mean           64.0184  73.5543  32.9571 112.1439  90.8019 150.9759 102.6603  78.4083  77.2889 150.4633
  std. dev.       34.465  46.2063  13.2978  62.0505  56.0685   76.495  48.6712  43.9816  57.8654  74.0744
  weight sum        1410     1860      420     1320     2100     2160      780      240     2070      300
  precision            1        1        1        1        1        1        1        1        1        1

1085
  mean           71.5645  80.2237  37.5643  86.0818  92.6738 149.7551 134.5987  81.4208  83.4382   136.71
  std. dev.      38.9314  50.7036  15.4731  51.3787  57.2573  76.4198  64.2662  48.3548  62.4276  70.9287
  weight sum        1410     1860      420     1320     2100     2160      780      240     2070      300
  precision            1        1        1        1        1        1        1        1        1        1

1095
  mean           39.2787  40.2118  51.6357  80.1523 105.9557  91.5417  91.2359  91.8667  82.7671    79.87
  std. dev.      33.1155   25.995  29.5994  64.6443   69.612   71.267  46.4794  42.7143  62.7226  54.0188
  weight sum        1410     1860      420     1320     2100     2160      780      240     2070      300
  precision            1        1        1        1        1        1        1        1        1        1

1120
  mean           60.7801  66.2366  51.2214  64.0856  105.549  79.4759  69.7256 131.7667  72.0517   127.95
  std. dev.      37.8226  45.3233  23.7876  41.8476  64.9557   60.613  35.9943  66.1119  54.8329  83.6028
  weight sum        1410     1860      420     1320     2100     2160      780      240     2070      300
  precision            1        1        1        1        1        1        1        1        1        1

1121
  mean           53.5624  62.9204  50.6214  71.4076  99.6224  97.8097  62.9385 131.1292  75.2435 129.0633
  std. dev.      35.9546  43.6593   23.593  47.2672  61.8617   66.048  31.9489  65.9053  57.7423   77.976
  weight sum        1410     1860      420     1320     2100     2160      780      240     2070      300
  precision            1        1        1        1        1        1        1        1        1        1

1122
  mean           47.9567  60.4296  51.2071  91.2023  95.3105 122.3296  69.8846 128.6208  80.7512   121.15
  std. dev.      32.0558  41.8701  25.9027  57.0273  59.3038  70.5879  35.2378  65.3458   62.256  70.9267
  weight sum        1410     1860      420     1320     2100     2160      780      240     2070      300
  precision            1        1        1        1        1        1        1        1        1        1

1124
  mean           50.8227  59.3366  46.8286 112.9864  91.5614  147.087 133.2603 115.2583  99.9101   102.92
  std. dev.        30.41  41.2696  26.9511  60.3396  57.3372  74.7367  61.6483  60.3845  70.9025  59.6525
  weight sum        1410     1860      420     1320     2100     2160      780      240     2070      300
  precision            1        1        1        1        1        1        1        1        1        1

1131
  mean           51.7908   63.607  30.2357  119.472  88.6652 151.1583  84.1526  78.1333  85.8406   150.86
  std. dev.      29.3282  39.5072  11.9745  65.4869  54.4919  76.3182  38.4592  44.4673  63.9015  73.7701
  weight sum        1410     1860      420     1320     2100     2160      780      240     2070      300
  precision            1        1        1        1        1        1        1        1        1        1

1132
  mean            65.383  75.5672  34.5833 121.2992   89.631 150.3463  99.4667  81.3167  81.9391 136.4567
  std. dev.      34.9607  46.9075  14.2299  64.2573   55.323  76.3945  48.0227  48.6708  61.5778  71.3107
  weight sum        1410     1860      420     1320     2100     2160      780      240     2070      300
  precision            1        1        1        1        1        1        1        1        1        1

1133
  mean           73.8156  83.5355  41.2738 101.2659    90.59 148.0662 133.9423   88.125  85.9778 117.0767
  std. dev.      39.5665  52.0965  17.5834  58.4036  56.1391  76.3167  63.7895  55.3283  64.2366   68.982
  weight sum        1410     1860      420     1320     2100     2160      780      240     2070      300
  precision            1        1        1        1        1        1        1        1        1        1

1143
  mean           38.3319  39.6747  52.6476  79.1886 111.3981  90.0356  85.4603  93.5958  81.6903    79.76
  std. dev.      31.1636  25.4269  30.1144  63.5592  70.5404  71.9483  45.6729  43.2244  61.7515  53.9676
  weight sum        1410     1860      420     1320     2100     2160      780      240     2070      300
  precision            1        1        1        1        1        1        1        1        1        1

1168
  mean           56.5028  68.0602  49.4929  65.2538 101.1443  75.2403  76.1167  130.325   69.801 132.4367
  std. dev.      36.2296  47.2232  24.3093  43.1448  62.9671  58.9668  41.2532   65.869  52.5174  84.5829
  weight sum        1410     1860      420     1320     2100     2160      780      240     2070      300
  precision            1        1        1        1        1        1        1        1        1        1

1169
  mean           49.1809  61.2134  46.0262  79.5098  96.4743  85.5671  64.0282 128.0125  71.2498 133.3333
  std. dev.      33.9688  44.5651  21.8467  51.5889  60.2464  62.8566  32.9763  65.2863  53.8674   79.828
  weight sum        1410     1860      420     1320     2100     2160      780      240     2070      300
  precision            1        1        1        1        1        1        1        1        1        1

1170
  mean           43.0014  54.4801  44.1595 102.2894  93.4757 108.6375  68.0449   123.05  74.1831 125.6033
  std. dev.      29.3029  39.8148  22.1709  61.6247  58.4864  68.1818  34.2497  63.9707   56.518  72.5604
  weight sum        1410     1860      420     1320     2100     2160      780      240     2070      300
  precision            1        1        1        1        1        1        1        1        1        1

1172
  mean           40.7291  50.5559  38.8619 110.7545  91.6152 143.0731 132.8385 104.8875  87.8077 116.7833
  std. dev.      24.6969  36.0962  21.6257  59.1752  57.8714  74.0987  62.7113  56.1131  65.4753  63.4813
  weight sum        1410     1860      420     1320     2100     2160      780      240     2070      300
  precision            1        1        1        1        1        1        1        1        1        1

1173
  mean           46.2546  51.5989  35.2976  88.8144  91.9071 148.8565 107.7436  95.2833  99.2957 125.7267
  std. dev.      27.6257  35.5502  18.2084  57.0171  58.3571  75.1323   52.713    50.68  70.1259  67.8317
  weight sum        1410     1860      420     1320     2100     2160      780      240     2070      300
  precision            1        1        1        1        1        1        1        1        1        1

1174
  mean           56.0433  56.2425  33.5833  66.8295  92.0881 151.1856  76.6474  87.5667 110.3174   136.97
  std. dev.      32.6512  36.9252  15.0845  51.4227  58.1646  75.6399  40.6233  46.3069  73.3899  74.0098
  weight sum        1410     1860      420     1320     2100     2160      780      240     2070      300
  precision            1        1        1        1        1        1        1        1        1        1

1180
  mean           65.6078  76.2591   37.769 125.9114  89.3414 149.3301  96.7167  87.9208  91.0865   115.24
  std. dev.      35.1473  47.1709  16.4103  65.9788   55.323  76.3099  46.9552  55.1359  68.1046   69.884
  weight sum        1410     1860      420     1320     2100     2160      780      240     2070      300
  precision            1        1        1        1        1        1        1        1        1        1

1185
  mean           50.6298  62.3269  55.4095  72.3439 104.4938  73.7574 140.0641    122.7 104.0058  79.4367
  std. dev.      28.9065   40.092  25.0421  44.3311  62.1309  56.3592  63.1178    65.57  71.1502  49.9247
  weight sum        1410     1860      420     1320     2100     2160      780      240     2070      300
  precision            1        1        1        1        1        1        1        1        1        1

1187
  mean           59.8681  68.4177  57.2881  87.1318 125.2881  89.7778 140.6154 125.2792  78.5995  77.9867
  std. dev.      35.8511  44.5404  26.3145  59.3431  70.9556  61.6646  59.8901  64.1327   59.151  51.2339
  weight sum        1410     1860      420     1320     2100     2160      780      240     2070      300
  precision            1        1        1        1        1        1        1        1        1        1

1191
  mean            37.695  39.2796  53.2357   79.225 112.8314  89.1926  77.4897  94.4833  81.1594    80.08
  std. dev.      29.9498  25.1262  30.3772  63.3736  70.2838  72.1312  43.7251  43.5236  61.2107  53.9148
  weight sum        1410     1860      420     1320     2100     2160      780      240     2070      300
  precision            1        1        1        1        1        1        1        1        1        1

1216
  mean              53.7  68.5833    49.05  69.9705 100.2324  74.5958  93.0679 126.9792  69.3382    135.1
  std. dev.      34.2826  47.9355  24.0476  46.3257  62.4847  58.2441  52.1766  65.2931  51.8236  84.4108
  weight sum        1410     1860      420     1320     2100     2160      780      240     2070      300
  precision            1        1        1        1        1        1        1        1        1        1

1217
  mean            49.756  62.9941  44.8476  90.6621  95.9867   77.763  72.3064  122.375  70.0913 135.8733
  std. dev.      32.4298  44.9745  20.5544   56.723  60.3249  59.9672   39.608  63.9884  52.5635  80.5024
  weight sum        1410     1860      420     1320     2100     2160      780      240     2070      300
  precision            1        1        1        1        1        1        1        1        1        1

1221
  mean           42.2163  51.4059   31.381  84.4985  92.3029 146.0986 109.2936  87.0833  86.1633 142.1033
  std. dev.      25.2185  34.1733  14.0842  56.2759  59.0964  74.6569  52.9479  46.3464    63.78  72.4669
  weight sum        1410     1860      420     1320     2100     2160      780      240     2070      300
  precision            1        1        1        1        1        1        1        1        1        1

1222
  mean           46.7645  54.0075  30.4024  60.5008  92.4962 150.0093  77.4667  81.6958  97.8657    149.8
  std. dev.      27.8062  34.8189  12.2631  48.1696  59.0627  75.4527   40.801  43.7303  68.8941  75.4416
  weight sum        1410     1860      420     1320     2100     2160      780      240     2070      300
  precision            1        1        1        1        1        1        1        1        1        1

1223
  mean           56.6887  61.8731  31.5976  44.9742  91.5948 151.3889  66.5615  78.3083  109.285 155.4433
  std. dev.      32.4719  40.7659  12.8437   38.149  58.0073  75.8908  33.9331  42.7505  72.6263  75.4319
  weight sum        1410     1860      420     1320     2100     2160      780      240     2070      300
  precision            1        1        1        1        1        1        1        1        1        1

1233
  mean           50.2418  62.1339  56.2762  65.9864  106.981  73.6199 138.0718 125.5042 106.6686    79.44
  std. dev.      28.7768   39.891  25.8299  40.3525  64.3155  55.1011   62.565  65.0833  72.5251  50.1597
  weight sum        1410     1860      420     1320     2100     2160      780      240     2070      300
  precision            1        1        1        1        1        1        1        1        1        1

1271
  mean           51.1638  59.4849   30.169  41.9053  90.7886 150.5481  66.7808  77.5667  95.6531 158.0767
  std. dev.      29.7438   38.124  11.9261  35.2282  56.9233  75.7015  34.2393  43.2671  67.2634  75.6176
  weight sum        1410     1860      420     1320     2100     2160      780      240     2070      300
  precision            1        1        1        1        1        1        1        1        1        1

1272
  mean           58.6716  65.9016  32.1976  36.0879  89.5729 151.1944  97.0603  78.1167 107.6932   149.77
  std. dev.      33.0227  43.1227  13.3533  28.6183  55.7777  76.0543  54.8351  45.1406   71.771  77.1765
  weight sum        1410     1860      420     1320     2100     2160      780      240     2070      300
  precision            1        1        1        1        1        1        1        1        1        1

1281
  mean           49.6582  61.6618  56.5762  63.3848 114.7095  77.1708 133.2936 126.7708 108.6377    79.14
  std. dev.      28.3699  39.5753  26.1028  38.8376  68.0283  56.3472  61.5522  64.6605  73.6281  49.8776
  weight sum        1410     1860      420     1320     2100     2160      780      240     2070      300
  precision            1        1        1        1        1        1        1        1        1        1

1318
  mean           47.3652  60.5403  29.2381  51.8492  91.3714 144.9426  80.7936   77.525     75.7   158.84
  std. dev.       29.011  38.9445  11.9423   41.713  57.8695  74.5042  42.3337  43.2371  56.4375  76.2644
  weight sum        1410     1860      420     1320     2100     2160      780      240     2070      300
  precision            1        1        1        1        1        1        1        1        1        1

1319
  mean           50.0333  59.1387  29.6167  40.6098  90.9805 149.0801  68.0885  78.3667  82.8729 149.7833
  std. dev.      29.6972   37.411  11.5914  34.1938  57.1705  75.3965  36.3781  45.0223  60.8508  79.1711
  weight sum        1410     1860      420     1320     2100     2160      780      240     2070      300
  precision            1        1        1        1        1        1        1        1        1        1

1320
  mean           57.0106  64.0409  31.9952  35.4326  90.1776 150.4694  95.1526  82.0625  94.5246    133.6
  std. dev.      32.2206  41.4439  13.1082  28.6773  56.1582  75.9431  53.8945  48.6838  66.8068  78.0198
  weight sum        1410     1860      420     1320     2100     2160      780      240     2070      300
  precision            1        1        1        1        1        1        1        1        1        1

1321
  mean           54.5553   64.093  33.4667  36.8902  89.4805 150.6718 135.4423  88.3125 106.6415 114.4433
  std. dev.       31.054  42.2245  13.8203  28.3891  55.5777  76.1656  64.0509   54.911  71.4955  71.9331
  weight sum        1410     1860      420     1320     2100     2160      780      240     2070      300
  precision            1        1        1        1        1        1        1        1        1        1

1328
  mean           52.1319  63.7306  61.9143  79.2485 113.2924  74.3009  94.7974 127.2042  119.513  78.8067
  std. dev.      30.7797   42.134  29.8455  48.9141  67.9287  55.6433  48.8098  64.6649   75.908  48.8095
  weight sum        1410     1860      420     1320     2100     2160      780      240     2070      300
  precision            1        1        1        1        1        1        1        1        1        1

1329
  mean           49.0092  61.0629  56.4857    64.85 123.7205  83.1657 129.0192 127.2125 110.0696    78.84
  std. dev.      27.9184  39.2494  26.2562  40.1733  72.1957  58.3813  61.0025  64.2975  74.6273  49.2845
  weight sum        1410     1860      420     1320     2100     2160      780      240     2070      300
  precision            1        1        1        1        1        1        1        1        1        1

1363
  mean           63.5291  73.7532   37.831   91.175  97.5886  81.1792 101.2859  80.8667  70.4406    154.2
  std. dev.      37.3555  48.4357  16.5826  55.0424  61.4964  61.6586  56.7174  43.7098  52.3099  69.4746
  weight sum        1410     1860      420     1320     2100     2160      780      240     2070      300
  precision            1        1        1        1        1        1        1        1        1        1

1364
  mean           62.8221  74.4286  35.7585  79.1647  94.7975 100.9213 130.9923  78.5584  70.8592 160.4269
  std. dev.      35.2816  48.6065  15.8979  52.5408  59.9722  66.8133  62.8574  42.5568  52.2636  71.2989
  weight sum        1410     1860      420     1320     2100     2160      780      240     2070      300
  precision        1.004    1.004    1.004    1.004    1.004    1.004    1.004    1.004    1.004    1.004

1365
  mean           54.7752  69.4538  32.2667  63.0583  93.4548 124.4963 113.9359  77.8833  71.4604   159.73
  std. dev.      32.0616  45.8082  14.4145  47.0885  59.6182  70.9565  53.7251  43.1012  52.8731  76.6818
  weight sum        1410     1860      420     1320     2100     2160      780      240     2070      300
  precision            1        1        1        1        1        1        1        1        1        1

1366
  mean           47.7426  61.6183  29.8976  49.1333  92.8776 139.8963  81.5205  78.8917   73.287    151.7
  std. dev.      29.2556   40.423  12.3501  40.1123  59.4833  73.6456  43.0767  44.8417  54.4346  79.6097
  weight sum        1410     1860      420     1320     2100     2160      780      240     2070      300
  precision            1        1        1        1        1        1        1        1        1        1

1368
  mean           58.1171  65.4159  33.9004  35.6295   92.239 149.3819  88.9212  89.2627   85.368 119.5468
  std. dev.      32.7237  41.5927  14.0441  29.5004   58.818  75.6513  49.7782  54.4476  62.6116  71.4981
  weight sum        1410     1860      420     1320     2100     2160      780      240     2070      300
  precision        1.004    1.004    1.004    1.004    1.004    1.004    1.004    1.004    1.004    1.004

1369
  mean           56.2376  65.7274     36.9   35.778  91.5457 149.8634 130.6718  98.5875  96.3739   102.57
  std. dev.      31.4575  43.0344  16.0621  28.2557   58.459  76.0431  64.1991   60.549  68.1437   63.652
  weight sum        1410     1860      420     1320     2100     2160      780      240     2070      300
  precision            1        1        1        1        1        1        1        1        1        1

1376
  mean           50.6312  62.2333  60.4952   94.422 123.4038  77.4421  90.7372 127.6375 121.1184    79.08
  std. dev.      29.7495  41.3176  29.4091  56.4383  72.2986  56.6427  47.8725   64.375  76.6025  49.0841
  weight sum        1410     1860      420     1320     2100     2160      780      240     2070      300
  precision            1        1        1        1        1        1        1        1        1        1

1377
  mean           48.1199  60.2392  55.6667  71.3992 128.4586  88.7773 124.3603 127.3708 111.0449    79.24
  std. dev.       27.437  38.6946  25.6855  44.7354  74.0405  60.9608  60.9327  64.0482  75.3246  49.6961
  weight sum        1410     1860      420     1320     2100     2160      780      240     2070      300
  precision            1        1        1        1        1        1        1        1        1        1

1411
  mean           57.7326  68.4161  35.9357  96.6636 104.1657  75.9468  97.2269  78.3667  70.7271   154.03
  std. dev.       34.428  47.1626  15.7588  61.5255  65.8365  59.1218  55.2444  42.5592  52.1364  70.7841
  weight sum        1410     1860      420     1320     2100     2160      780      240     2070      300
  precision            1        1        1        1        1        1        1        1        1        1

1412
  mean           55.7582  67.7306    34.45  84.0538  98.7462       88 127.3487  77.8958  71.8676 153.6833
  std. dev.      32.7248  46.6648  15.3443  56.8881  63.1126  63.9956  63.5324  43.0855  52.6477  73.6313
  weight sum        1410     1860      420     1320     2100     2160      780      240     2070      300
  precision            1        1        1        1        1        1        1        1        1        1

1413
  mean           49.7397  63.8753  32.2381  67.4386  95.8548 111.2755 112.1897  79.2792  73.7386 153.3133
  std. dev.      29.9568  43.6088  14.1575  51.0154  61.6014  68.9829  54.1007  44.6367  53.9377  79.1726
  weight sum        1410     1860      420     1320     2100     2160      780      240     2070      300
  precision            1        1        1        1        1        1        1        1        1        1

1414
  mean           46.7603  60.2866  31.0714  51.8712  94.7062 131.9889  79.3962  82.7583  76.3295   144.15
  std. dev.      28.6738  39.3338  12.9705  43.4342  61.2861  72.3264  41.5281  48.4575  56.2132  78.2729
  weight sum        1410     1860      420     1320     2100     2160      780      240     2070      300
  precision            1        1        1        1        1        1        1        1        1        1

1416
  mean           62.0489  70.2081  39.7381  36.4795  94.0924 147.5861  74.9321  98.9167  84.3812 113.2633
  std. dev.      34.8566  44.0297  18.3996  31.3414  62.0333   75.388   40.933  60.5066  62.4282  64.2042
  weight sum        1410     1860      420     1320     2100     2160      780      240     2070      300
  precision            1        1        1        1        1        1        1        1        1        1

1417
  mean           61.0879  71.4903  44.6286  37.0856  93.6214 148.4806 116.2667 109.3167  92.0043 101.3033
  std. dev.      33.5126   46.055  20.8144  29.8561  61.5454  75.8396  60.4549  63.9837  66.3924  57.4486
  weight sum        1410     1860      420     1320     2100     2160      780      240     2070      300
  precision            1        1        1        1        1        1        1        1        1        1

1420
  mean           51.0126  61.8825  50.0072  87.5038  98.3816  121.591 139.6046 125.8869 120.7361  87.3394
  std. dev.      29.6677  41.4019  22.6573  60.0553  63.0072  75.3397  60.5161  65.0266  75.0306  51.0715
  weight sum        1410     1860      420     1320     2100     2160      780      240     2070      300
  precision        1.004    1.004    1.004    1.004    1.004    1.004    1.004    1.004    1.004    1.004

1423
  mean           53.6532    63.85  60.8214  128.925 123.0648  73.9056  80.3397 127.8333 125.7647    80.37
  std. dev.      32.9429  44.5184   29.761   65.796  72.5959  55.1759  41.5984  64.3203  77.4038    49.48
  weight sum        1410     1860      420     1320     2100     2160      780      240     2070      300
  precision            1        1        1        1        1        1        1        1        1        1

1424
  mean           48.0589  59.7403  57.5048 112.2992 128.4648  82.5051  83.2154 127.6792 121.2662  79.9367
  std. dev.      27.8923  39.7975   27.886  62.5733  74.1352  58.2539  45.5274  64.0908  76.9482  50.0287
  weight sum        1410     1860      420     1320     2100     2160      780      240     2070      300
  precision            1        1        1        1        1        1        1        1        1        1

1469
  mean           47.3142  58.4887  50.5786 129.1144 111.9095  86.5935 111.5564  127.825 125.5237  92.3267
  std. dev.      29.4128   41.512  23.4817  68.7826  68.8505  67.2823  55.6935  64.4647  76.6303  56.6727
  weight sum        1410     1860      420     1320     2100     2160      780      240     2070      300
  precision            1        1        1        1        1        1        1        1        1        1

1470
  mean           48.0695  58.4806  53.2952 139.4765 122.4286  74.7458  84.3013 127.9125 126.6937  85.4733
  std. dev.      30.1204   41.972  25.4568  69.2138  72.4042  57.2902  46.2091  64.3003  77.2761  52.5882
  weight sum        1410     1860      420     1320     2100     2160      780      240     2070      300
  precision            1        1        1        1        1        1        1        1        1        1

1471
  mean            46.895  57.9737  54.0429 141.3023 128.3986  76.7625  67.3128 127.8542 125.0459    81.45
  std. dev.      28.2671  40.0916  26.2119  68.0939  74.2557  55.7005  36.5595  64.1709  77.4668  50.6858
  weight sum        1410     1860      420     1320     2100     2160      780      240     2070      300
  precision            1        1        1        1        1        1        1        1        1        1

1473
  mean           47.9936  60.6446  51.7786 101.0735 124.3814  94.7616  90.1897 126.9042   110.03    80.52
  std. dev.      27.5044  38.3178  23.6019  59.4519  72.5583  66.0942  48.6775  63.4181  75.1422  51.1742
  weight sum        1410     1860      420     1320     2100     2160      780      240     2070      300
  precision            1        1        1        1        1        1        1        1        1        1

1520
  mean           48.5319  62.2833  49.3738 139.1758 124.6605  91.5829  55.9269 127.2542 116.4285  80.5733
  std. dev.       28.298  39.4661  22.7436  67.3574  72.6128  62.9373  27.8001  63.6182  75.6209  50.6313
  weight sum        1410     1860      420     1320     2100     2160      780      240     2070      300
  precision            1        1        1        1        1        1        1        1        1        1

1649
  mean           51.8333  57.7349  35.6405 148.8265  101.969   88.594  50.4487  79.6125  70.7092 113.3933
  std. dev.      37.3512  43.7114  15.5273  69.2503  66.3954  69.2457  24.6079  41.6868  53.0259   87.151
  weight sum        1410     1860      420     1320     2100     2160      780      240     2070      300
  precision            1        1        1        1        1        1        1        1        1        1

1650
  mean           56.9532  65.3199  37.5476 150.0174 112.1971  89.8273  49.0833  87.2958  70.0671 115.1267
  std. dev.      39.5157  47.7023  17.0594  69.0634  70.7513  66.0991  23.8758  48.8232  52.1801  88.3315
  weight sum        1410     1860      420     1320     2100     2160      780      240     2070      300
  precision            1        1        1        1        1        1        1        1        1        1

1689
  mean           56.3191  45.5602  25.3286  65.4932  75.0829  90.9861 137.6218  54.1542  80.6908  91.2333
  std. dev.      59.5583  39.3214  10.4443  42.0671    64.85   73.955  71.0025  30.3612  65.6064  70.5146
  weight sum        1410     1860      420     1320     2100     2160      780      240     2070      300
  precision            1        1        1        1        1        1        1        1        1        1

1690
  mean           50.9596  44.2011  26.8595  58.6992   74.571  90.9009 120.4423  55.4542  81.0657  90.8767
  std. dev.      53.7763  36.9336  11.4356  37.3692  64.1052  73.6177  64.9687  28.6795  66.0207  67.6648
  weight sum        1410     1860      420     1320     2100     2160      780      240     2070      300
  precision            1        1        1        1        1        1        1        1        1        1

1696
  mean           40.8485  44.1675  36.1517 141.8743  84.0199  87.3378  55.8748  73.7701  74.2278  96.5696
  std. dev.      30.6426   32.545  15.3753  69.7356  60.4315  69.5309  29.8822  37.1728  56.3466  69.5719
  weight sum        1410     1860      420     1320     2100     2160      780      240     2070      300
  precision        1.004    1.004    1.004    1.004    1.004    1.004    1.004    1.004    1.004    1.004

1697
  mean           45.0475   49.028   38.019 144.2727  90.8452  87.2153  52.3013   81.425  72.3498  96.9767
  std. dev.      34.0224   37.596  16.4359  69.8103  61.7079  69.2262  26.2934  43.9832  54.6988  71.2876
  weight sum        1410     1860      420     1320     2100     2160      780      240     2070      300
  precision            1        1        1        1        1        1        1        1        1        1

1698
  mean           49.9681  55.4667  42.6167 144.8939 101.1262  87.8903  50.1513   92.025  70.9348     97.1
  std. dev.      37.3766  43.2489  19.7226  69.6115  66.5323  67.2872  24.3851  52.4671  53.1458  72.0457
  weight sum        1410     1860      420     1320     2100     2160      780      240     2070      300
  precision            1        1        1        1        1        1        1        1        1        1

1699
  mean            54.627  62.3118   49.531 142.7909 111.5186  88.5824  49.0269 103.0958  70.1676    96.73
  std. dev.      39.7012  47.7383  24.5925  68.8432  70.9979  63.0367  23.8971  59.3245  52.3667  72.0255
  weight sum        1410     1860      420     1320     2100     2160      780      240     2070      300
  precision            1        1        1        1        1        1        1        1        1        1

1713
  mean           38.5716  40.4769  60.8786 136.3439  80.5186  90.0856  51.6872 107.4708  76.9005  83.0433
  std. dev.      28.4766  27.4237  30.7095  70.0907  57.9646  72.0871   27.532  54.5256   58.557  55.4431
  weight sum        1410     1860      420     1320     2100     2160      780      240     2070      300
  precision            1        1        1        1        1        1        1        1        1        1

1714
  mean           35.4759  37.7849  56.8143 127.8636  78.1105  89.2213   55.959  98.5875  77.8357    83.35
  std. dev.      26.0947  24.4402  29.7705  67.7364  60.1016  72.2237  32.5851  50.5777  59.4972  56.6586
  weight sum        1410     1860      420     1320     2100     2160      780      240     2070      300
  precision            1        1        1        1        1        1        1        1        1        1

1738
  mean           54.1206  45.1038  25.5548  57.7447  73.3686   90.162 137.9846  53.0042  80.8043  91.9933
  std. dev.      57.0472  38.6216  10.3556  37.2056  62.8173  73.3684  70.5553  29.6344  65.9231  70.2729
  weight sum        1410     1860      420     1320     2100     2160      780      240     2070      300
  precision            1        1        1        1        1        1        1        1        1        1

1739
  mean            49.366   43.821  27.2429  69.7614  73.0762  89.6338 122.1859  53.7708  81.4879    90.48
  std. dev.      51.9719  36.4217  11.4263  46.3947  62.1444  72.3306  64.5327  26.6415  66.4667  65.7919
  weight sum        1410     1860      420     1320     2100     2160      780      240     2070      300
  precision            1        1        1        1        1        1        1        1        1        1

1745
  mean           38.7447  41.9124  40.0738  134.597  82.6652  86.2375  55.3013  82.1375  74.9382  87.0133
  std. dev.      29.3324   30.715  18.1124  70.6355  60.3551  69.1421  29.6336  46.9792  57.2174  58.5027
  weight sum        1410     1860      420     1320     2100     2160      780      240     2070      300
  precision            1        1        1        1        1        1        1        1        1        1

1746
  mean           42.1518  45.5683  46.4524 134.8364  89.6681  85.6542  52.0295  93.5667  73.1164    86.72
  std. dev.      32.4527  34.8756  22.9097  70.2674  61.6084  67.4417  26.1152  54.6368  55.2733  58.5561
  weight sum        1410     1860      420     1320     2100     2160      780      240     2070      300
  precision            1        1        1        1        1        1        1        1        1        1

1787
  mean           53.0376  44.7962  26.3786  76.4742  72.9081  89.5139 138.2141  52.0375  81.7454  91.1833
  std. dev.      55.8568   38.349  11.4913  51.9172  62.6378  72.8982  70.7052  27.9181  66.7142  69.0068
  weight sum        1410     1860      420     1320     2100     2160      780      240     2070      300
  precision            1        1        1        1        1        1        1        1        1        1

1788
  mean           48.7546  43.6839  27.8833  95.6364    73.29  89.2028 123.4654  53.2625  82.1169  88.8567
  std. dev.      51.2468  36.1886  12.2788   63.145  62.3509  72.3818  64.4334  25.6842  66.6937  64.7729
  weight sum        1410     1860      420     1320     2100     2160      780      240     2070      300
  precision            1        1        1        1        1        1        1        1        1        1

1801
  mean           48.2496  53.2957  65.3214  108.975 127.1524  69.5278  51.3859 117.0458  70.2329  83.5633
  std. dev.      38.7786  42.6231  32.1279  65.7519  75.7453  56.7954  25.7157  59.0942  52.5992  54.3724
  weight sum        1410     1860      420     1320     2100     2160      780      240     2070      300
  precision            1        1        1        1        1        1        1        1        1        1

1802
  mean           47.4262  51.8349  65.0524 107.1455  124.899  68.7537  50.5231 116.6458   70.272    83.25
  std. dev.      38.3022  41.3251  32.0091   64.346  75.1079  54.6593  24.6854  58.9728  52.7578  54.2819
  weight sum        1410     1860      420     1320     2100     2160      780      240     2070      300
  precision            1        1        1        1        1        1        1        1        1        1

1803
  mean           45.5723  49.2323  64.5452 107.1856 120.2205  70.0833    49.45 115.5167  70.5971    83.04
  std. dev.      37.1476   38.742  31.9469  64.2293  74.1536  53.0389  23.4113  58.3919  53.1912  54.2812
  weight sum        1410     1860      420     1320     2100     2160      780      240     2070      300
  precision            1        1        1        1        1        1        1        1        1        1

1849
  mean           37.8809  40.6796   60.169  82.6508 121.6324  66.6685  57.2141 106.9667  71.9275  84.4967
  std. dev.      29.6649  29.9094  31.3979  52.9046  74.4338  54.4245  33.1225  56.5746  54.1412  54.4581
  weight sum        1410     1860      420     1320     2100     2160      780      240     2070      300
  precision            1        1        1        1        1        1        1        1        1        1

1850
  mean           37.2745  39.8511  59.7762  82.3045 118.7224  66.7222  55.9141 106.0625  71.8865    83.83
  std. dev.      29.2003  28.6777  31.2263  52.1379  74.0938  52.3802  31.2172  56.3142  54.2908  54.0357
  weight sum        1410     1860      420     1320     2100     2160      780      240     2070      300
  precision            1        1        1        1        1        1        1        1        1        1

1851
  mean            36.144  38.7565  59.0333  82.2523 111.9933  72.4986  54.2192    104.6  72.2048    83.55
  std. dev.      27.9722  27.0837  30.9896  51.9469  72.5288  54.6242  28.9157  55.5783  54.9438   53.905
  weight sum        1410     1860      420     1320     2100     2160      780      240     2070      300
  precision            1        1        1        1        1        1        1        1        1        1

1886
  mean            50.505  44.0882    28.75  67.9538  72.7119   88.019 126.0064  53.0042  85.6638  86.6567
  std. dev.      53.7039  35.7538  13.1035  47.3766  63.1077  72.5034  65.4949  26.7224  69.4887   67.341
  weight sum        1410     1860      420     1320     2100     2160      780      240     2070      300
  precision            1        1        1        1        1        1        1        1        1        1

1897
  mean            33.039  37.3247  53.8905  61.8265 112.9657  67.6218  63.5141  93.4167  75.2628  85.0067
  std. dev.      22.9822  25.0723  29.6334  37.4317   72.242  53.9043  39.0315   53.301  57.6212  54.2458
  weight sum        1410     1860      420     1320     2100     2160      780      240     2070      300
  precision            1        1        1        1        1        1        1        1        1        1

1898
  mean           33.2312   37.072  53.3881  62.3235 109.8919  68.9389  62.4628  91.8542  75.0246    84.25
  std. dev.      24.0857   24.657  29.4626   37.986  71.7292  53.2367  36.8878  52.7935  57.7298    53.71
  weight sum        1410     1860      420     1320     2100     2160      780      240     2070      300
  precision            1        1        1        1        1        1        1        1        1        1

1899
  mean           33.4617  37.0941  52.5452  62.7379 101.5038  77.6426  60.6103  89.6583   75.271  83.9867
  std. dev.      25.3827  24.5546  29.0162  38.6889  68.4177  57.4385  34.2075  51.5197  58.3472  53.5244
  weight sum        1410     1860      420     1320     2100     2160      780      240     2070      300
  precision            1        1        1        1        1        1        1        1        1        1

1935
  mean           51.7021  45.2785  30.9714  59.4114   71.451  86.2662 126.9474  52.1083  87.4638  89.9233
  std. dev.      53.6952  36.2034  15.6468  40.9358  61.9864  71.2216  65.3578  27.1065  70.7445  68.9115
  weight sum        1410     1860      420     1320     2100     2160      780      240     2070      300
  precision            1        1        1        1        1        1        1        1        1        1

1984
  mean           52.8284   47.528   33.419   63.225  70.3652  85.2394 126.8308   50.075  88.7193    96.24
  std. dev.      53.4776  38.0557  18.5262  43.4093  60.6537  69.4113  65.0389  26.9511  71.5782  73.0107
  weight sum        1410     1860      420     1320     2100     2160      780      240     2070      300
  precision            1        1        1        1        1        1        1        1        1        1



Time taken to build model: 0.35 seconds

=== Stratified cross-validation ===
=== Summary ===

Correctly Classified Instances        4918               38.8468 %
Incorrectly Classified Instances      7742               61.1532 %
Kappa statistic                          0.3246
Mean absolute error                      0.1225
Root mean squared error                  0.3439
Relative absolute error                 70.7414 %
Root relative squared error            116.8702 %
Total Number of Instances            12660     

=== Detailed Accuracy By Class ===

                 TP Rate  FP Rate  Precision  Recall   F-Measure  MCC      ROC Area  PRC Area  Class
                 0.321    0.133    0.233      0.321    0.270      0.164    0.736     0.217     0
                 0.203    0.079    0.306      0.203    0.244      0.148    0.696     0.266     1
                 0.890    0.261    0.105      0.890    0.187      0.250    0.893     0.176     2
                 0.602    0.005    0.936      0.602    0.732      0.730    0.858     0.741     3
                 0.359    0.038    0.653      0.359    0.463      0.415    0.676     0.501     4
                 0.562    0.035    0.767      0.562    0.649      0.600    0.795     0.629     5
                 0.637    0.037    0.529      0.637    0.578      0.551    0.902     0.661     6
                 0.433    0.050    0.142      0.433    0.214      0.224    0.837     0.374     7
                 0.099    0.010    0.649      0.099    0.172      0.210    0.565     0.326     8
                 0.490    0.016    0.430      0.490    0.458      0.445    0.756     0.489     9
Weighted Avg.    0.388    0.053    0.563      0.388    0.415      0.378    0.733     0.450     

=== Confusion Matrix ===

    a    b    c    d    e    f    g    h    i    j   <-- classified as
  452  191  599    4   23   14   55   46    8   18 |    a = 0
  385  377  802    1   32   20   41  118    4   80 |    b = 1
    8    5  374    0    0    0    0   33    0    0 |    c = 2
  118   80  204  794   85   22    5    2    1    9 |    d = 3
  282  118  511   31  754   19   39  278   42   26 |    e = 4
  320  163  230   14    9 1214  100    6   44   60 |    f = 5
   97   56   37    0   12   55  497   12   12    2 |    g = 6
   21   49   26    0   28    2   10  104    0    0 |    h = 7
  249  118  739    4  212  236  176  131  205    0 |    i = 8
   12   75   50    0    0    0   16    0    0  147 |    j = 9

