=== Run information ===

Scheme:       weka.classifiers.bayes.NaiveBayes 
Relation:     full-weka.filters.unsupervised.attribute.NumericToNominal-Rlast-weka.filters.unsupervised.instance.Randomize-S42-weka.filters.unsupervised.attribute.RenameAttribute-find2305-replaceclass-Rlast-weka.filters.unsupervised.attribute.NumericToNominal-Rlast-weka.filters.MultiFilter-Fweka.filters.unsupervised.instance.Randomize -S 42-Fweka.filters.unsupervised.attribute.RenameAttribute -find 2305 -replace class -R last-Fweka.filters.unsupervised.attribute.NumericToNominal -R last-weka.filters.unsupervised.attribute.Remove-R1-999,1001-1047,1049-1083,1087-1095,1097-1120,1123-1132,1135-1143,1145-1168,1172,1175-1185,1187,1189-1221,1223-1233,1235-1271,1274-1281,1283-1320,1322-1329,1331-1363,1367-1368,1371-1376,1378-1411,1414-1469,1471-1473,1475-1649,1652-1696,1700-1738,1741-1787,1789-1802,1804-1849,1853-1898,1900-1935,1937-2304
Instances:    12660
Attributes:   50
              999
              1047
              1083
              1084
              1085
              1095
              1120
              1121
              1132
              1133
              1143
              1168
              1169
              1170
              1172
              1173
              1185
              1187
              1221
              1233
              1271
              1272
              1281
              1320
              1329
              1363
              1364
              1365
              1368
              1369
              1376
              1411
              1412
              1469
              1473
              1649
              1650
              1696
              1697
              1698
              1738
              1739
              1787
              1802
              1849
              1850
              1851
              1898
              1935
              class
Test mode:    10-fold cross-validation

=== Classifier model (full training set) ===

Naive Bayes Classifier

                  Class
Attribute             0        1        2        3        4        5        6        7        8        9
                 (0.11)   (0.15)   (0.03)    (0.1)   (0.17)   (0.17)   (0.06)   (0.02)   (0.16)   (0.02)
=========================================================================================================
999
  mean           43.0631   42.171  47.8095  81.2447  92.0419  95.4458  91.5462    85.15  86.2473  80.1867
  std. dev.      40.4016  28.3099   28.328  65.8691  65.1913  70.1555  46.7499  40.3464  65.7158  53.9291
  weight sum        1410     1860      420     1320     2100     2160      780      240     2070      300
  precision            1        1        1        1        1        1        1        1        1        1

1047
  mean           40.7922  41.0016  50.1071  80.7174  97.8314  93.0685   93.641  89.0917     84.3  80.0833
  std. dev.      36.0602  26.8901  29.2208  65.1508  66.6044  70.1926  47.1849  41.8969  64.1047  54.0087
  weight sum        1410     1860      420     1320     2100     2160      780      240     2070      300
  precision            1        1        1        1        1        1        1        1        1        1

1083
  mean           51.7227  63.6118  29.8738 124.6333  89.7514 151.3616  85.7615  77.6042  77.5667   156.32
  std. dev.      29.4054  40.3945   12.088  65.0935  55.2784  76.2748  39.5706  42.2158  58.0382  75.6675
  weight sum        1410     1860      420     1320     2100     2160      780      240     2070      300
  precision            1        1        1        1        1        1        1        1        1        1

1084
  mean           64.0184  73.5543  32.9571 112.1439  90.8019 150.9759 102.6603  78.4083  77.2889 150.4633
  std. dev.       34.465  46.2063  13.2978  62.0505  56.0685   76.495  48.6712  43.9816  57.8654  74.0744
  weight sum        1410     1860      420     1320     2100     2160      780      240     2070      300
  precision            1        1        1        1        1        1        1        1        1        1

1085
  mean           71.5645  80.2237  37.5643  86.0818  92.6738 149.7551 134.5987  81.4208  83.4382   136.71
  std. dev.      38.9314  50.7036  15.4731  51.3787  57.2573  76.4198  64.2662  48.3548  62.4276  70.9287
  weight sum        1410     1860      420     1320     2100     2160      780      240     2070      300
  precision            1        1        1        1        1        1        1        1        1        1

1095
  mean           39.2787  40.2118  51.6357  80.1523 105.9557  91.5417  91.2359  91.8667  82.7671    79.87
  std. dev.      33.1155   25.995  29.5994  64.6443   69.612   71.267  46.4794  42.7143  62.7226  54.0188
  weight sum        1410     1860      420     1320     2100     2160      780      240     2070      300
  precision            1        1        1        1        1        1        1        1        1        1

1120
  mean           60.7801  66.2366  51.2214  64.0856  105.549  79.4759  69.7256 131.7667  72.0517   127.95
  std. dev.      37.8226  45.3233  23.7876  41.8476  64.9557   60.613  35.9943  66.1119  54.8329  83.6028
  weight sum        1410     1860      420     1320     2100     2160      780      240     2070      300
  precision            1        1        1        1        1        1        1        1        1        1

1121
  mean           53.5624  62.9204  50.6214  71.4076  99.6224  97.8097  62.9385 131.1292  75.2435 129.0633
  std. dev.      35.9546  43.6593   23.593  47.2672  61.8617   66.048  31.9489  65.9053  57.7423   77.976
  weight sum        1410     1860      420     1320     2100     2160      780      240     2070      300
  precision            1        1        1        1        1        1        1        1        1        1

1132
  mean            65.383  75.5672  34.5833 121.2992   89.631 150.3463  99.4667  81.3167  81.9391 136.4567
  std. dev.      34.9607  46.9075  14.2299  64.2573   55.323  76.3945  48.0227  48.6708  61.5778  71.3107
  weight sum        1410     1860      420     1320     2100     2160      780      240     2070      300
  precision            1        1        1        1        1        1        1        1        1        1

1133
  mean           73.8156  83.5355  41.2738 101.2659    90.59 148.0662 133.9423   88.125  85.9778 117.0767
  std. dev.      39.5665  52.0965  17.5834  58.4036  56.1391  76.3167  63.7895  55.3283  64.2366   68.982
  weight sum        1410     1860      420     1320     2100     2160      780      240     2070      300
  precision            1        1        1        1        1        1        1        1        1        1

1143
  mean           38.3319  39.6747  52.6476  79.1886 111.3981  90.0356  85.4603  93.5958  81.6903    79.76
  std. dev.      31.1636  25.4269  30.1144  63.5592  70.5404  71.9483  45.6729  43.2244  61.7515  53.9676
  weight sum        1410     1860      420     1320     2100     2160      780      240     2070      300
  precision            1        1        1        1        1        1        1        1        1        1

1168
  mean           56.5028  68.0602  49.4929  65.2538 101.1443  75.2403  76.1167  130.325   69.801 132.4367
  std. dev.      36.2296  47.2232  24.3093  43.1448  62.9671  58.9668  41.2532   65.869  52.5174  84.5829
  weight sum        1410     1860      420     1320     2100     2160      780      240     2070      300
  precision            1        1        1        1        1        1        1        1        1        1

1169
  mean           49.1809  61.2134  46.0262  79.5098  96.4743  85.5671  64.0282 128.0125  71.2498 133.3333
  std. dev.      33.9688  44.5651  21.8467  51.5889  60.2464  62.8566  32.9763  65.2863  53.8674   79.828
  weight sum        1410     1860      420     1320     2100     2160      780      240     2070      300
  precision            1        1        1        1        1        1        1        1        1        1

1170
  mean           43.0014  54.4801  44.1595 102.2894  93.4757 108.6375  68.0449   123.05  74.1831 125.6033
  std. dev.      29.3029  39.8148  22.1709  61.6247  58.4864  68.1818  34.2497  63.9707   56.518  72.5604
  weight sum        1410     1860      420     1320     2100     2160      780      240     2070      300
  precision            1        1        1        1        1        1        1        1        1        1

1172
  mean           40.7291  50.5559  38.8619 110.7545  91.6152 143.0731 132.8385 104.8875  87.8077 116.7833
  std. dev.      24.6969  36.0962  21.6257  59.1752  57.8714  74.0987  62.7113  56.1131  65.4753  63.4813
  weight sum        1410     1860      420     1320     2100     2160      780      240     2070      300
  precision            1        1        1        1        1        1        1        1        1        1

1173
  mean           46.2546  51.5989  35.2976  88.8144  91.9071 148.8565 107.7436  95.2833  99.2957 125.7267
  std. dev.      27.6257  35.5502  18.2084  57.0171  58.3571  75.1323   52.713    50.68  70.1259  67.8317
  weight sum        1410     1860      420     1320     2100     2160      780      240     2070      300
  precision            1        1        1        1        1        1        1        1        1        1

1185
  mean           50.6298  62.3269  55.4095  72.3439 104.4938  73.7574 140.0641    122.7 104.0058  79.4367
  std. dev.      28.9065   40.092  25.0421  44.3311  62.1309  56.3592  63.1178    65.57  71.1502  49.9247
  weight sum        1410     1860      420     1320     2100     2160      780      240     2070      300
  precision            1        1        1        1        1        1        1        1        1        1

1187
  mean           59.8681  68.4177  57.2881  87.1318 125.2881  89.7778 140.6154 125.2792  78.5995  77.9867
  std. dev.      35.8511  44.5404  26.3145  59.3431  70.9556  61.6646  59.8901  64.1327   59.151  51.2339
  weight sum        1410     1860      420     1320     2100     2160      780      240     2070      300
  precision            1        1        1        1        1        1        1        1        1        1

1221
  mean           42.2163  51.4059   31.381  84.4985  92.3029 146.0986 109.2936  87.0833  86.1633 142.1033
  std. dev.      25.2185  34.1733  14.0842  56.2759  59.0964  74.6569  52.9479  46.3464    63.78  72.4669
  weight sum        1410     1860      420     1320     2100     2160      780      240     2070      300
  precision            1        1        1        1        1        1        1        1        1        1

1233
  mean           50.2418  62.1339  56.2762  65.9864  106.981  73.6199 138.0718 125.5042 106.6686    79.44
  std. dev.      28.7768   39.891  25.8299  40.3525  64.3155  55.1011   62.565  65.0833  72.5251  50.1597
  weight sum        1410     1860      420     1320     2100     2160      780      240     2070      300
  precision            1        1        1        1        1        1        1        1        1        1

1271
  mean           51.1638  59.4849   30.169  41.9053  90.7886 150.5481  66.7808  77.5667  95.6531 158.0767
  std. dev.      29.7438   38.124  11.9261  35.2282  56.9233  75.7015  34.2393  43.2671  67.2634  75.6176
  weight sum        1410     1860      420     1320     2100     2160      780      240     2070      300
  precision            1        1        1        1        1        1        1        1        1        1

1272
  mean           58.6716  65.9016  32.1976  36.0879  89.5729 151.1944  97.0603  78.1167 107.6932   149.77
  std. dev.      33.0227  43.1227  13.3533  28.6183  55.7777  76.0543  54.8351  45.1406   71.771  77.1765
  weight sum        1410     1860      420     1320     2100     2160      780      240     2070      300
  precision            1        1        1        1        1        1        1        1        1        1

1281
  mean           49.6582  61.6618  56.5762  63.3848 114.7095  77.1708 133.2936 126.7708 108.6377    79.14
  std. dev.      28.3699  39.5753  26.1028  38.8376  68.0283  56.3472  61.5522  64.6605  73.6281  49.8776
  weight sum        1410     1860      420     1320     2100     2160      780      240     2070      300
  precision            1        1        1        1        1        1        1        1        1        1

1320
  mean           57.0106  64.0409  31.9952  35.4326  90.1776 150.4694  95.1526  82.0625  94.5246    133.6
  std. dev.      32.2206  41.4439  13.1082  28.6773  56.1582  75.9431  53.8945  48.6838  66.8068  78.0198
  weight sum        1410     1860      420     1320     2100     2160      780      240     2070      300
  precision            1        1        1        1        1        1        1        1        1        1

1329
  mean           49.0092  61.0629  56.4857    64.85 123.7205  83.1657 129.0192 127.2125 110.0696    78.84
  std. dev.      27.9184  39.2494  26.2562  40.1733  72.1957  58.3813  61.0025  64.2975  74.6273  49.2845
  weight sum        1410     1860      420     1320     2100     2160      780      240     2070      300
  precision            1        1        1        1        1        1        1        1        1        1

1363
  mean           63.5291  73.7532   37.831   91.175  97.5886  81.1792 101.2859  80.8667  70.4406    154.2
  std. dev.      37.3555  48.4357  16.5826  55.0424  61.4964  61.6586  56.7174  43.7098  52.3099  69.4746
  weight sum        1410     1860      420     1320     2100     2160      780      240     2070      300
  precision            1        1        1        1        1        1        1        1        1        1

1364
  mean           62.8221  74.4286  35.7585  79.1647  94.7975 100.9213 130.9923  78.5584  70.8592 160.4269
  std. dev.      35.2816  48.6065  15.8979  52.5408  59.9722  66.8133  62.8574  42.5568  52.2636  71.2989
  weight sum        1410     1860      420     1320     2100     2160      780      240     2070      300
  precision        1.004    1.004    1.004    1.004    1.004    1.004    1.004    1.004    1.004    1.004

1365
  mean           54.7752  69.4538  32.2667  63.0583  93.4548 124.4963 113.9359  77.8833  71.4604   159.73
  std. dev.      32.0616  45.8082  14.4145  47.0885  59.6182  70.9565  53.7251  43.1012  52.8731  76.6818
  weight sum        1410     1860      420     1320     2100     2160      780      240     2070      300
  precision            1        1        1        1        1        1        1        1        1        1

1368
  mean           58.1171  65.4159  33.9004  35.6295   92.239 149.3819  88.9212  89.2627   85.368 119.5468
  std. dev.      32.7237  41.5927  14.0441  29.5004   58.818  75.6513  49.7782  54.4476  62.6116  71.4981
  weight sum        1410     1860      420     1320     2100     2160      780      240     2070      300
  precision        1.004    1.004    1.004    1.004    1.004    1.004    1.004    1.004    1.004    1.004

1369
  mean           56.2376  65.7274     36.9   35.778  91.5457 149.8634 130.6718  98.5875  96.3739   102.57
  std. dev.      31.4575  43.0344  16.0621  28.2557   58.459  76.0431  64.1991   60.549  68.1437   63.652
  weight sum        1410     1860      420     1320     2100     2160      780      240     2070      300
  precision            1        1        1        1        1        1        1        1        1        1

1376
  mean           50.6312  62.2333  60.4952   94.422 123.4038  77.4421  90.7372 127.6375 121.1184    79.08
  std. dev.      29.7495  41.3176  29.4091  56.4383  72.2986  56.6427  47.8725   64.375  76.6025  49.0841
  weight sum        1410     1860      420     1320     2100     2160      780      240     2070      300
  precision            1        1        1        1        1        1        1        1        1        1

1411
  mean           57.7326  68.4161  35.9357  96.6636 104.1657  75.9468  97.2269  78.3667  70.7271   154.03
  std. dev.       34.428  47.1626  15.7588  61.5255  65.8365  59.1218  55.2444  42.5592  52.1364  70.7841
  weight sum        1410     1860      420     1320     2100     2160      780      240     2070      300
  precision            1        1        1        1        1        1        1        1        1        1

1412
  mean           55.7582  67.7306    34.45  84.0538  98.7462       88 127.3487  77.8958  71.8676 153.6833
  std. dev.      32.7248  46.6648  15.3443  56.8881  63.1126  63.9956  63.5324  43.0855  52.6477  73.6313
  weight sum        1410     1860      420     1320     2100     2160      780      240     2070      300
  precision            1        1        1        1        1        1        1        1        1        1

1469
  mean           47.3142  58.4887  50.5786 129.1144 111.9095  86.5935 111.5564  127.825 125.5237  92.3267
  std. dev.      29.4128   41.512  23.4817  68.7826  68.8505  67.2823  55.6935  64.4647  76.6303  56.6727
  weight sum        1410     1860      420     1320     2100     2160      780      240     2070      300
  precision            1        1        1        1        1        1        1        1        1        1

1473
  mean           47.9936  60.6446  51.7786 101.0735 124.3814  94.7616  90.1897 126.9042   110.03    80.52
  std. dev.      27.5044  38.3178  23.6019  59.4519  72.5583  66.0942  48.6775  63.4181  75.1422  51.1742
  weight sum        1410     1860      420     1320     2100     2160      780      240     2070      300
  precision            1        1        1        1        1        1        1        1        1        1

1649
  mean           51.8333  57.7349  35.6405 148.8265  101.969   88.594  50.4487  79.6125  70.7092 113.3933
  std. dev.      37.3512  43.7114  15.5273  69.2503  66.3954  69.2457  24.6079  41.6868  53.0259   87.151
  weight sum        1410     1860      420     1320     2100     2160      780      240     2070      300
  precision            1        1        1        1        1        1        1        1        1        1

1650
  mean           56.9532  65.3199  37.5476 150.0174 112.1971  89.8273  49.0833  87.2958  70.0671 115.1267
  std. dev.      39.5157  47.7023  17.0594  69.0634  70.7513  66.0991  23.8758  48.8232  52.1801  88.3315
  weight sum        1410     1860      420     1320     2100     2160      780      240     2070      300
  precision            1        1        1        1        1        1        1        1        1        1

1696
  mean           40.8485  44.1675  36.1517 141.8743  84.0199  87.3378  55.8748  73.7701  74.2278  96.5696
  std. dev.      30.6426   32.545  15.3753  69.7356  60.4315  69.5309  29.8822  37.1728  56.3466  69.5719
  weight sum        1410     1860      420     1320     2100     2160      780      240     2070      300
  precision        1.004    1.004    1.004    1.004    1.004    1.004    1.004    1.004    1.004    1.004

1697
  mean           45.0475   49.028   38.019 144.2727  90.8452  87.2153  52.3013   81.425  72.3498  96.9767
  std. dev.      34.0224   37.596  16.4359  69.8103  61.7079  69.2262  26.2934  43.9832  54.6988  71.2876
  weight sum        1410     1860      420     1320     2100     2160      780      240     2070      300
  precision            1        1        1        1        1        1        1        1        1        1

1698
  mean           49.9681  55.4667  42.6167 144.8939 101.1262  87.8903  50.1513   92.025  70.9348     97.1
  std. dev.      37.3766  43.2489  19.7226  69.6115  66.5323  67.2872  24.3851  52.4671  53.1458  72.0457
  weight sum        1410     1860      420     1320     2100     2160      780      240     2070      300
  precision            1        1        1        1        1        1        1        1        1        1

1738
  mean           54.1206  45.1038  25.5548  57.7447  73.3686   90.162 137.9846  53.0042  80.8043  91.9933
  std. dev.      57.0472  38.6216  10.3556  37.2056  62.8173  73.3684  70.5553  29.6344  65.9231  70.2729
  weight sum        1410     1860      420     1320     2100     2160      780      240     2070      300
  precision            1        1        1        1        1        1        1        1        1        1

1739
  mean            49.366   43.821  27.2429  69.7614  73.0762  89.6338 122.1859  53.7708  81.4879    90.48
  std. dev.      51.9719  36.4217  11.4263  46.3947  62.1444  72.3306  64.5327  26.6415  66.4667  65.7919
  weight sum        1410     1860      420     1320     2100     2160      780      240     2070      300
  precision            1        1        1        1        1        1        1        1        1        1

1787
  mean           53.0376  44.7962  26.3786  76.4742  72.9081  89.5139 138.2141  52.0375  81.7454  91.1833
  std. dev.      55.8568   38.349  11.4913  51.9172  62.6378  72.8982  70.7052  27.9181  66.7142  69.0068
  weight sum        1410     1860      420     1320     2100     2160      780      240     2070      300
  precision            1        1        1        1        1        1        1        1        1        1

1802
  mean           47.4262  51.8349  65.0524 107.1455  124.899  68.7537  50.5231 116.6458   70.272    83.25
  std. dev.      38.3022  41.3251  32.0091   64.346  75.1079  54.6593  24.6854  58.9728  52.7578  54.2819
  weight sum        1410     1860      420     1320     2100     2160      780      240     2070      300
  precision            1        1        1        1        1        1        1        1        1        1

1849
  mean           37.8809  40.6796   60.169  82.6508 121.6324  66.6685  57.2141 106.9667  71.9275  84.4967
  std. dev.      29.6649  29.9094  31.3979  52.9046  74.4338  54.4245  33.1225  56.5746  54.1412  54.4581
  weight sum        1410     1860      420     1320     2100     2160      780      240     2070      300
  precision            1        1        1        1        1        1        1        1        1        1

1850
  mean           37.2745  39.8511  59.7762  82.3045 118.7224  66.7222  55.9141 106.0625  71.8865    83.83
  std. dev.      29.2003  28.6777  31.2263  52.1379  74.0938  52.3802  31.2172  56.3142  54.2908  54.0357
  weight sum        1410     1860      420     1320     2100     2160      780      240     2070      300
  precision            1        1        1        1        1        1        1        1        1        1

1851
  mean            36.144  38.7565  59.0333  82.2523 111.9933  72.4986  54.2192    104.6  72.2048    83.55
  std. dev.      27.9722  27.0837  30.9896  51.9469  72.5288  54.6242  28.9157  55.5783  54.9438   53.905
  weight sum        1410     1860      420     1320     2100     2160      780      240     2070      300
  precision            1        1        1        1        1        1        1        1        1        1

1898
  mean           33.2312   37.072  53.3881  62.3235 109.8919  68.9389  62.4628  91.8542  75.0246    84.25
  std. dev.      24.0857   24.657  29.4626   37.986  71.7292  53.2367  36.8878  52.7935  57.7298    53.71
  weight sum        1410     1860      420     1320     2100     2160      780      240     2070      300
  precision            1        1        1        1        1        1        1        1        1        1

1935
  mean           51.7021  45.2785  30.9714  59.4114   71.451  86.2662 126.9474  52.1083  87.4638  89.9233
  std. dev.      53.6952  36.2034  15.6468  40.9358  61.9864  71.2216  65.3578  27.1065  70.7445  68.9115
  weight sum        1410     1860      420     1320     2100     2160      780      240     2070      300
  precision            1        1        1        1        1        1        1        1        1        1



Time taken to build model: 0.16 seconds

=== Stratified cross-validation ===
=== Summary ===

Correctly Classified Instances        4624               36.5245 %
Incorrectly Classified Instances      8036               63.4755 %
Kappa statistic                          0.3007
Mean absolute error                      0.1276
Root mean squared error                  0.3449
Relative absolute error                 73.697  %
Root relative squared error            117.1884 %
Total Number of Instances            12660     

=== Detailed Accuracy By Class ===

                 TP Rate  FP Rate  Precision  Recall   F-Measure  MCC      ROC Area  PRC Area  Class
                 0.316    0.133    0.229      0.316    0.266      0.160    0.730     0.218     0
                 0.200    0.087    0.284      0.200    0.235      0.132    0.686     0.253     1
                 0.895    0.266    0.104      0.895    0.186      0.249    0.906     0.479     2
                 0.573    0.004    0.944      0.573    0.713      0.715    0.861     0.739     3
                 0.369    0.045    0.617      0.369    0.462      0.402    0.673     0.492     4
                 0.485    0.023    0.812      0.485    0.608      0.575    0.788     0.628     5
                 0.631    0.036    0.534      0.631    0.578      0.550    0.904     0.663     6
                 0.413    0.044    0.155      0.413    0.225      0.230    0.834     0.357     7
                 0.055    0.015    0.421      0.055    0.097      0.103    0.549     0.259     8
                 0.490    0.037    0.243      0.490    0.325      0.323    0.748     0.369     9
Weighted Avg.    0.365    0.055    0.520      0.365    0.388      0.347    0.727     0.442     

=== Confusion Matrix ===

    a    b    c    d    e    f    g    h    i    j   <-- classified as
  445  205  600    7   34   10   45   22   16   26 |    a = 0
  383  372  804    4   27   11   42  108    4  105 |    b = 1
    8    4  376    0    0    0    0   32    0    0 |    c = 2
  120  103  201  757   65   10    5    2    3   54 |    d = 3
  317  112  505   18  774    4   18  244   57   51 |    e = 4
  303  185  262   13    9 1048   76    3   54  207 |    f = 5
   72   88   35    1   17   37  492   16   19    3 |    g = 6
   22   49   29    0   30    2    5   99    4    0 |    h = 7
  260  114  760    2  298  168  227  114  114   13 |    i = 8
   10   77   54    0    0    0   12    0    0  147 |    j = 9

