=== Run information ===

Scheme:       weka.classifiers.bayes.NaiveBayes 
Relation:     full-weka.filters.unsupervised.attribute.NumericToNominal-Rlast-weka.filters.unsupervised.instance.Randomize-S42-weka.filters.unsupervised.attribute.RenameAttribute-find2305-replaceclass-Rlast-weka.filters.unsupervised.attribute.NumericToNominal-Rlast-weka.filters.MultiFilter-Fweka.filters.unsupervised.instance.Randomize -S 42-Fweka.filters.unsupervised.attribute.RenameAttribute -find 2305 -replace class -R last-Fweka.filters.unsupervised.attribute.NumericToNominal -R last-weka.filters.unsupervised.attribute.Remove-R1-1047,1049-1085,1087-1095,1097-1121,1123-1133,1135-1169,1171-1172,1175-1187,1189-1233,1235-1281,1283-1320,1322-1363,1365-1368,1370-1411,1413-1697,1700-1739,1741-1850,1853-2304
Instances:    12660
Attributes:   21
              1047
              1085
              1095
              1121
              1133
              1169
              1172
              1173
              1187
              1233
              1281
              1320
              1363
              1368
              1411
              1697
              1698
              1739
              1850
              1851
              class
Test mode:    10-fold cross-validation

=== Classifier model (full training set) ===

Naive Bayes Classifier

                  Class
Attribute             0        1        2        3        4        5        6        7        8        9
                 (0.11)   (0.15)   (0.03)    (0.1)   (0.17)   (0.17)   (0.06)   (0.02)   (0.16)   (0.02)
=========================================================================================================
1047
  mean           40.7922  41.0016  50.1071  80.7174  97.8314  93.0685   93.641  89.0917     84.3  80.0833
  std. dev.      36.0602  26.8901  29.2208  65.1508  66.6044  70.1926  47.1849  41.8969  64.1047  54.0087
  weight sum        1410     1860      420     1320     2100     2160      780      240     2070      300
  precision            1        1        1        1        1        1        1        1        1        1

1085
  mean           71.5645  80.2237  37.5643  86.0818  92.6738 149.7551 134.5987  81.4208  83.4382   136.71
  std. dev.      38.9314  50.7036  15.4731  51.3787  57.2573  76.4198  64.2662  48.3548  62.4276  70.9287
  weight sum        1410     1860      420     1320     2100     2160      780      240     2070      300
  precision            1        1        1        1        1        1        1        1        1        1

1095
  mean           39.2787  40.2118  51.6357  80.1523 105.9557  91.5417  91.2359  91.8667  82.7671    79.87
  std. dev.      33.1155   25.995  29.5994  64.6443   69.612   71.267  46.4794  42.7143  62.7226  54.0188
  weight sum        1410     1860      420     1320     2100     2160      780      240     2070      300
  precision            1        1        1        1        1        1        1        1        1        1

1121
  mean           53.5624  62.9204  50.6214  71.4076  99.6224  97.8097  62.9385 131.1292  75.2435 129.0633
  std. dev.      35.9546  43.6593   23.593  47.2672  61.8617   66.048  31.9489  65.9053  57.7423   77.976
  weight sum        1410     1860      420     1320     2100     2160      780      240     2070      300
  precision            1        1        1        1        1        1        1        1        1        1

1133
  mean           73.8156  83.5355  41.2738 101.2659    90.59 148.0662 133.9423   88.125  85.9778 117.0767
  std. dev.      39.5665  52.0965  17.5834  58.4036  56.1391  76.3167  63.7895  55.3283  64.2366   68.982
  weight sum        1410     1860      420     1320     2100     2160      780      240     2070      300
  precision            1        1        1        1        1        1        1        1        1        1

1169
  mean           49.1809  61.2134  46.0262  79.5098  96.4743  85.5671  64.0282 128.0125  71.2498 133.3333
  std. dev.      33.9688  44.5651  21.8467  51.5889  60.2464  62.8566  32.9763  65.2863  53.8674   79.828
  weight sum        1410     1860      420     1320     2100     2160      780      240     2070      300
  precision            1        1        1        1        1        1        1        1        1        1

1172
  mean           40.7291  50.5559  38.8619 110.7545  91.6152 143.0731 132.8385 104.8875  87.8077 116.7833
  std. dev.      24.6969  36.0962  21.6257  59.1752  57.8714  74.0987  62.7113  56.1131  65.4753  63.4813
  weight sum        1410     1860      420     1320     2100     2160      780      240     2070      300
  precision            1        1        1        1        1        1        1        1        1        1

1173
  mean           46.2546  51.5989  35.2976  88.8144  91.9071 148.8565 107.7436  95.2833  99.2957 125.7267
  std. dev.      27.6257  35.5502  18.2084  57.0171  58.3571  75.1323   52.713    50.68  70.1259  67.8317
  weight sum        1410     1860      420     1320     2100     2160      780      240     2070      300
  precision            1        1        1        1        1        1        1        1        1        1

1187
  mean           59.8681  68.4177  57.2881  87.1318 125.2881  89.7778 140.6154 125.2792  78.5995  77.9867
  std. dev.      35.8511  44.5404  26.3145  59.3431  70.9556  61.6646  59.8901  64.1327   59.151  51.2339
  weight sum        1410     1860      420     1320     2100     2160      780      240     2070      300
  precision            1        1        1        1        1        1        1        1        1        1

1233
  mean           50.2418  62.1339  56.2762  65.9864  106.981  73.6199 138.0718 125.5042 106.6686    79.44
  std. dev.      28.7768   39.891  25.8299  40.3525  64.3155  55.1011   62.565  65.0833  72.5251  50.1597
  weight sum        1410     1860      420     1320     2100     2160      780      240     2070      300
  precision            1        1        1        1        1        1        1        1        1        1

1281
  mean           49.6582  61.6618  56.5762  63.3848 114.7095  77.1708 133.2936 126.7708 108.6377    79.14
  std. dev.      28.3699  39.5753  26.1028  38.8376  68.0283  56.3472  61.5522  64.6605  73.6281  49.8776
  weight sum        1410     1860      420     1320     2100     2160      780      240     2070      300
  precision            1        1        1        1        1        1        1        1        1        1

1320
  mean           57.0106  64.0409  31.9952  35.4326  90.1776 150.4694  95.1526  82.0625  94.5246    133.6
  std. dev.      32.2206  41.4439  13.1082  28.6773  56.1582  75.9431  53.8945  48.6838  66.8068  78.0198
  weight sum        1410     1860      420     1320     2100     2160      780      240     2070      300
  precision            1        1        1        1        1        1        1        1        1        1

1363
  mean           63.5291  73.7532   37.831   91.175  97.5886  81.1792 101.2859  80.8667  70.4406    154.2
  std. dev.      37.3555  48.4357  16.5826  55.0424  61.4964  61.6586  56.7174  43.7098  52.3099  69.4746
  weight sum        1410     1860      420     1320     2100     2160      780      240     2070      300
  precision            1        1        1        1        1        1        1        1        1        1

1368
  mean           58.1171  65.4159  33.9004  35.6295   92.239 149.3819  88.9212  89.2627   85.368 119.5468
  std. dev.      32.7237  41.5927  14.0441  29.5004   58.818  75.6513  49.7782  54.4476  62.6116  71.4981
  weight sum        1410     1860      420     1320     2100     2160      780      240     2070      300
  precision        1.004    1.004    1.004    1.004    1.004    1.004    1.004    1.004    1.004    1.004

1411
  mean           57.7326  68.4161  35.9357  96.6636 104.1657  75.9468  97.2269  78.3667  70.7271   154.03
  std. dev.       34.428  47.1626  15.7588  61.5255  65.8365  59.1218  55.2444  42.5592  52.1364  70.7841
  weight sum        1410     1860      420     1320     2100     2160      780      240     2070      300
  precision            1        1        1        1        1        1        1        1        1        1

1697
  mean           45.0475   49.028   38.019 144.2727  90.8452  87.2153  52.3013   81.425  72.3498  96.9767
  std. dev.      34.0224   37.596  16.4359  69.8103  61.7079  69.2262  26.2934  43.9832  54.6988  71.2876
  weight sum        1410     1860      420     1320     2100     2160      780      240     2070      300
  precision            1        1        1        1        1        1        1        1        1        1

1698
  mean           49.9681  55.4667  42.6167 144.8939 101.1262  87.8903  50.1513   92.025  70.9348     97.1
  std. dev.      37.3766  43.2489  19.7226  69.6115  66.5323  67.2872  24.3851  52.4671  53.1458  72.0457
  weight sum        1410     1860      420     1320     2100     2160      780      240     2070      300
  precision            1        1        1        1        1        1        1        1        1        1

1739
  mean            49.366   43.821  27.2429  69.7614  73.0762  89.6338 122.1859  53.7708  81.4879    90.48
  std. dev.      51.9719  36.4217  11.4263  46.3947  62.1444  72.3306  64.5327  26.6415  66.4667  65.7919
  weight sum        1410     1860      420     1320     2100     2160      780      240     2070      300
  precision            1        1        1        1        1        1        1        1        1        1

1850
  mean           37.2745  39.8511  59.7762  82.3045 118.7224  66.7222  55.9141 106.0625  71.8865    83.83
  std. dev.      29.2003  28.6777  31.2263  52.1379  74.0938  52.3802  31.2172  56.3142  54.2908  54.0357
  weight sum        1410     1860      420     1320     2100     2160      780      240     2070      300
  precision            1        1        1        1        1        1        1        1        1        1

1851
  mean            36.144  38.7565  59.0333  82.2523 111.9933  72.4986  54.2192    104.6  72.2048    83.55
  std. dev.      27.9722  27.0837  30.9896  51.9469  72.5288  54.6242  28.9157  55.5783  54.9438   53.905
  weight sum        1410     1860      420     1320     2100     2160      780      240     2070      300
  precision            1        1        1        1        1        1        1        1        1        1



Time taken to build model: 0.33 seconds

=== Stratified cross-validation ===
=== Summary ===

Correctly Classified Instances        4624               36.5245 %
Incorrectly Classified Instances      8036               63.4755 %
Kappa statistic                          0.2976
Mean absolute error                      0.1301
Root mean squared error                  0.3281
Relative absolute error                 75.0889 %
Root relative squared error            111.4898 %
Total Number of Instances            12660     

=== Detailed Accuracy By Class ===

                 TP Rate  FP Rate  Precision  Recall   F-Measure  MCC      ROC Area  PRC Area  Class
                 0.307    0.132    0.225      0.307    0.260      0.153    0.734     0.216     0
                 0.201    0.089    0.279      0.201    0.234      0.129    0.690     0.258     1
                 0.876    0.274    0.099      0.876    0.178      0.237    0.895     0.444     2
                 0.559    0.012    0.842      0.559    0.672      0.659    0.854     0.709     3
                 0.411    0.053    0.607      0.411    0.490      0.422    0.672     0.506     4
                 0.506    0.031    0.769      0.506    0.610      0.566    0.790     0.627     5
                 0.581    0.038    0.498      0.581    0.536      0.505    0.896     0.632     6
                 0.363    0.022    0.243      0.363    0.291      0.280    0.826     0.339     7
                 0.035    0.017    0.290      0.035    0.063      0.049    0.515     0.209     8
                 0.470    0.024    0.321      0.470    0.382      0.371    0.731     0.280     9
Weighted Avg.    0.365    0.058    0.479      0.365    0.383      0.332    0.720     0.428     

=== Confusion Matrix ===

    a    b    c    d    e    f    g    h    i    j   <-- classified as
  433  210  608   14   47   20   34    7   22   15 |    a = 0
  388  374  807   10   47   17   65   63    7   82 |    b = 1
    9    9  368    4    0    0    0   25    5    0 |    c = 2
   97   98  230  738   91   18    3    0    4   41 |    d = 3
  301  103  542   50  864   15   26  107   52   40 |    e = 4
  302  177  267   32   25 1093   82    3   60  119 |    f = 5
   65  115   40   17   18   39  453   11   22    0 |    g = 6
   29   43   30    4   32    7    1   87    7    0 |    h = 7
  276  148  768    5  300  207  237   55   73    1 |    i = 8
   22   62   59    2    0    5    9    0    0  141 |    j = 9

